0.186755 0.187889 0
-0.0136047 -0.751753 1
-0.731553 0.345473 1
0.906706 0.895194 1
-0.385305 0.948539 1
-0.261409 -0.881747 0
-0.651461 -0.418868 0
-0.446697 -0.468954 0
0.75333 0.614709 1
-0.647221 0.316339 0
-0.747333 -0.568368 0
-0.358009 0.992494 1
-0.571374 0.130523 1
-0.997029 0.841602 0
-0.0322378 0.254558 1
0.80286 0.775717 1
-0.848662 0.604243 1
0.223298 -0.0875631 1
-0.647917 0.966531 0
0.295091 0.820948 0
0.597571 -0.846811 0
0.267013 -0.787417 0
-0.753873 -0.723586 0
-0.0585826 -0.764943 1
0.959931 -0.198619 1
0.856645 -0.103283 0
-0.807603 -0.995678 1
0.345256 0.71109 0
-0.325967 0.270561 0
-0.338851 -0.57086 0
-0.457023 -0.93285 1
0.997639 -0.702948 1
0.477243 -0.0219598 1
-0.128853 0.0536057 0
-0.19637 -0.36408 0
-0.596712 -0.339131 0
-0.852814 -0.360756 1
0.67943 -0.962738 0
-0.0277787 0.984402 0
-0.636686 0.10923 0
-0.833572 -0.253005 0
0.14644 -0.699931 0
0.154139 0.463546 1
0.603184 0.540883 1
-0.235306 0.411067 1
0.867492 0.819231 0
-0.608538 -0.87544 0
-0.4966 0.798693 0
-0.822177 0.987491 0
-0.616879 0.388812 0
-0.442046 0.822531 1
-0.044632 -0.0109266 0
0.177335 0.200893 1
0.263397 0.823928 0
0.174249 0.937431 0
-0.772878 -0.500262 0
0.464141 -0.0377726 1
0.675752 0.604523 0
0.309648 0.323168 0
-0.332502 0.843533 0
0.724775 0.638835 1
-0.468735 0.41753 1
0.809664 -0.717255 0
0.357518 0.928693 0
0.318854 0.491169 1
0.35011 -0.730624 1
0.826233 0.811416 0
0.300476 0.0526641 1
-0.194109 -0.0358547 1
-0.749642 0.172472 1
-0.974828 -0.155437 0
-0.989568 0.248368 0
-0.931099 -0.0122494 1
-0.38073 0.563401 1
-0.0780255 -0.755288 1
-0.0706508 0.470538 1
0.848581 -0.215285 1
-0.670548 0.543093 0
0.115073 -0.319748 1
0.293036 -0.705399 0
0.354215 0.155442 0
-0.529179 -0.14365 0
-0.88826 -0.156252 1
-0.545221 0.401478 0
0.350171 0.726284 0
-0.236251 -0.372376 1
0.220394 -0.709307 0
0.998426 0.615417 1
0.259642 0.940968 1
0.30781 -0.843419 0
-0.731396 -0.0170997 1
-0.41305 0.0968947 1
-0.392977 -0.365801 0
-0.562007 -0.153619 0
0.0312131 -0.251749 1
-0.255431 0.624635 1
-0.696926 0.229285 1
-0.935927 0.067206 0
-0.378135 -0.443919 1
0.738993 0.8255 1
-0.136525 0.897124 0
-0.435812 -0.673464 0
-0.878896 0.18008 0
-0.637423 0.961009 0
-0.602508 0.0466622 1
-0.166301 -0.487914 1
-0.231593 -0.888236 0
0.862058 -0.366388 0
-0.342043 0.773132 1
-0.621675 0.0634412 1
0.611963 0.0253588 0
0.721557 0.636 1
0.927575 0.763395 0
0.448652 -0.855937 1
0.489229 0.80246 0
-0.544523 0.110764 1
-0.446938 -0.495143 0
-0.0721959 0.842122 1
0.608935 0.395464 1
0.473556 -0.764952 0
0.341326 -0.282864 0
0.760908 -0.068697 0
-0.219774 0.64028 1
0.176591 -0.262033 0
0.802136 -0.786862 0
-0.663297 -0.1427 1
0.0364619 -0.609038 1
-0.436482 -0.658534 0
-0.756158 -0.529656 0
0.737589 0.680211 1
-0.288824 0.576821 0
-0.428482 0.810302 1
-0.69093 0.213062 1
0.469707 -0.944126 0
0.311689 0.00753215 1
0.833199 -0.0350808 1
0.569181 -0.260409 0
0.374333 0.230046 1
-0.0684815 0.57088 0
0.476193 0.255978 0
-0.770435 0.252109 0
0.946645 0.364546 0
0.938938 -0.421436 0
-0.0132056 0.825753 1
-0.495667 0.655875 1
-0.225789 0.355088 0
0.711878 -0.632357 0
0.315272 0.126922 0
0.71702 0.914593 0
-0.0619315 0.477882 1
-0.408972 0.46473 1
-0.690645 -0.688096 0
-0.515552 0.944606 1
-0.169862 -0.841336 1
-0.600368 0.298529 0
0.966169 0.726023 0
0.0994233 -0.247217 0
-0.690154 -0.414545 0
0.131203 -0.992098 1
-0.0635212 0.467287 1
-0.0856259 -0.774797 1
-0.775227 0.428694 0
-0.520504 -0.361826 0
0.151516 0.621953 1
0.741167 -0.777337 1
0.54896 0.201826 1
0.0514696 0.709602 1
-0.848672 0.65929 1
0.297782 -0.477347 1
0.72107 0.118646 0
0.481826 0.482033 0
-0.681317 0.842043 1
0.581264 0.434112 1
-0.782731 -0.794874 0
0.644963 0.00319692 0
0.419164 -0.817008 1
0.595509 -0.343942 1
-0.628717 0.609068 1
0.648688 -0.144933 0
-0.0845472 0.358009 0
-0.415273 -0.401299 0
-0.195248 0.0129801 0
-0.223616 -0.612444 0
-0.898324 0.344387 0
-0.92546 0.0235083 0
-0.133732 -0.570966 0
-0.406173 0.703799 0
-0.278802 0.302741 0
-0.412505 0.615529 1
0.480168 -0.402197 1
-0.306083 -0.866443 1
0.79526 -0.185529 1
0.656215 -0.92146 0
-0.228992 -0.204306 0
-0.968881 -0.97558 0
0.626386 0.119107 1
-0.417205 0.816897 1
0.139444 0.0470363 1
-0.103035 -0.451581 1
0.770077 -0.504648 1
-0.224142 0.40738 1
0.627617 -0.410719 1
0.217339 -0.527033 0
-0.851948 -0.978254 1
-0.20615 -0.229337 0
0.676729 -0.679596 1
0.698945 -0.530806 0
-0.615358 -0.490584 0
-0.922611 -0.819004 1
0.792818 -0.913581 1
-0.958186 -0.50959 0
0.259928 0.855668 0
-0.866355 0.0929079 1
0.408665 0.713678 1
0.28792 0.0903251 0
0.0621155 0.819606 0
0.408808 0.859257 0
0.675406 0.369824 1
-0.72801 0.766747 1
0.0348672 0.299075 0
0.369157 0.0241109 1
0.173368 0.176248 0
-0.662953 -0.0476608 0
-0.522371 -0.237743 1
-0.254174 -0.858725 0
-0.7435 0.338587 1
0.37653 0.973984 0
-0.0467116 -0.648679 0
-0.0830567 -0.581393 1
0.748382 -0.0411207 0
-0.538416 -0.468821 1
0.0684949 0.810156 0
0.0763279 -0.9494 0
0.21246 -0.704497 0
-0.756184 -0.242297 1
0.809783 -0.147292 0
-0.0883041 -0.535661 1
-0.563304 0.666914 0
-0.598965 0.692697 0
0.371991 -0.383224 1
0.371748 -0.158437 1
-0.25151 0.418255 1
0.527293 -0.864445 0
0.450783 0.948337 1
-0.81329 -0.125568 1
0.326821 -0.986405 1
0.124611 -0.17031 1
-0.762001 0.929426 1
-0.364048 -0.949105 0
0.602351 -0.0421748 1
-0.892038 0.0906991 1
0.0881762 0.196616 1
0.439973 0.0294848 0
-0.237277 0.775278 0
-0.197085 -0.77599 0
-0.0618641 0.655077 1
-0.317877 -0.565248 0
0.856273 0.1688 1
-0.962705 -0.982894 0
0.535763 -0.98907 1
0.660478 0.179235 1
0.695871 0.339331 1
-0.434076 -0.76517 1
0.943357 -0.897921 0
0.369588 0.962283 0
-0.549604 -0.6508 1
-0.840556 0.511442 0
0.460861 0.850561 0
-0.475184 0.984892 0
-0.266309 -0.238498 0
-0.781282 0.853536 0
-0.853906 -0.613742 0
0.616372 0.522215 1
-0.514155 0.788528 1
0.15061 0.66748 1
-0.21332 -0.50166 1
0.00287296 -0.94097 0
-0.3359 0.421835 0
-0.811636 -0.798022 1
0.385564 0.083763 1
0.74485 -0.121603 1
-0.356492 0.968052 1
-0.213206 0.965005 0
-0.58214 0.131524 1
0.345494 0.217964 1
0.748206 -0.836812 0
-0.248241 0.218341 1
0.599162 -0.272989 0
-0.237946 -0.599291 1
0.343562 -0.767258 1
-0.669624 -0.816609 0
0.611246 -0.552719 0
0.353986 -0.474813 0
0.325026 0.825889 1
-0.776976 -0.766674 0
-0.816459 0.473998 1
0.618872 -0.929111 0
0.332312 -0.15104 1
-0.442328 -0.861473 0
0.997 -0.307416 1
-0.359674 0.0962023 0
-0.552831 -0.103041 0
-0.808956 0.313086 0
-0.39256 -0.708956 0
0.710118 0.900155 1
-0.978831 0.4993 0
-0.000325445 0.912937 1
-0.347879 0.474519 0
-0.481333 0.1282 0
-0.782351 -0.47067 1
-0.635682 0.56438 0
0.540247 -0.866848 0
0.990957 0.469516 1
-0.94509 0.964929 1
0.541907 0.0955412 1
0.768379 0.07201 1
-0.931016 -0.926085 0
-0.62976 -0.629844 0
-0.552696 -0.111322 0
-0.474749 -0.562394 1
0.698016 0.983337 1
0.722648 -0.0324326 0
-0.930827 -0.0974255 1
0.670953 -0.131853 0
-0.67234 -0.531605 1
-0.769779 -0.425785 1
0.948413 -0.963361 1
-0.308317 0.946256 1
0.225134 0.384522 1
0.775766 0.884295 1
-0.659147 -0.569277 1
-0.429313 0.490357 1
0.534036 0.418744 1
-0.534623 -0.731147 0
0.0646366 -0.580102 0
-0.932118 -0.00902162 1
-0.977989 0.593493 1
-0.54159 -0.42344 1
-0.853971 -0.618348 0
0.0826199 -0.132697 0
-0.785952 -0.846081 1
-0.293056 -0.795998 1
-0.135842 -0.921544 0
0.0911787 -0.126446 0
-0.0904535 -0.612408 0
-0.893871 0.276469 1
0.443652 -0.132981 0
0.690791 -0.850529 1
-0.00667221 0.158693 0
0.722634 0.0573043 1
0.661828 0.124595 1
0.586099 0.675275 1
-0.983075 0.244271 0
-0.446849 0.475138 1
0.881577 -0.785623 0
0.198943 0.849055 1
0.558858 -0.894983 0
-0.616054 0.185488 0
-0.161568 -0.158914 0
-0.444741 -0.123179 1
0.956555 0.186806 0
0.325882 0.818822 1
-0.457198 0.960993 0
0.685016 -0.485255 1
-0.942539 0.222472 0
0.912355 0.810557 1
0.0815894 -0.651946 1
0.83352 0.392192 1
-0.311277 0.988275 1
-0.304666 -0.2499 1
-0.537254 -0.708401 0
-0.405584 -0.919145 1
-0.259341 -0.965097 1
0.483729 -0.442618 1
0.385712 0.0563133 1
0.325101 -0.149834 1
0.378587 -0.649626 0
-0.132144 -0.185794 0
-0.83752 0.775941 0
-0.91297 -0.367484 0
-0.575794 -0.326847 0
0.270644 0.957515 1
0.291092 0.935774 1
0.534571 -0.688825 0
-0.391649 -0.212886 1
0.611796 -0.406623 1
-0.480353 0.0991844 1
0.662354 -0.502662 0
-0.652358 0.364404 0
-0.409597 0.688608 1
-0.146296 0.685816 0
-0.17728 -0.07997 1
0.379121 -0.254912 0
0.0794558 0.233927 0
-0.108515 0.359256 1
0.696154 -0.138562 0
0.213296 0.531196 1
0.160444 0.621478 1
0.63377 0.378541 1
-0.296458 -0.0527435 0
0.203012 -0.932738 0
0.234571 0.433508 0
0.707434 -0.192488 1
0.272974 0.198198 1
0.191853 0.443408 1
0.979962 0.552467 0
-0.582461 -0.344012 0
-0.430656 -0.92995 1
0.856829 0.848115 0
0.329751 0.425232 1
-0.531984 0.298014 0
0.273142 -0.974632 0
0.73142 0.743596 0
-0.272824 0.0471443 1
0.393716 0.277852 1
-0.400707 0.553838 1
0.576921 -0.454575 0
0.568076 -0.0664259 0
0.804006 0.76811 1
0.906894 0.584364 0
-0.852993 -0.823876 0
0.556085 -0.37047 1
0.188234 0.262306 1
0.501286 -0.956891 1
0.991426 -0.816851 0
-0.772461 -0.0460401 1
0.403225 -0.628498 1
-0.536894 0.769163 1
-0.371965 0.167804 1
-0.158011 -0.253654 1
0.900638 -0.177123 1
-0.0373001 0.878518 1
-0.651055 -0.603934 0
-0.410162 -0.944846 1
0.162232 0.448519 1
-0.885924 -0.586731 1
0.376816 -0.448509 0
-0.775408 -0.560515 0
0.407646 0.628952 0
-0.0225627 0.446877 1
-0.870831 -0.882053 0
0.151573 -0.523484 1
0.840479 -0.65809 1
-0.118859 -0.659689 1
-0.259666 0.790859 0
0.488195 0.711556 1
0.0786959 -0.195053 0
-0.030724 -0.757564 1
-0.0603488 0.285148 1
-0.516612 0.695649 0
0.304024 0.714846 0
-0.0249952 -0.349771 1
0.79456 -0.643194 0
-0.454483 0.323715 0
0.263128 0.95206 1
0.293626 -0.545873 0
0.839427 -0.752931 0
0.498975 -0.154879 0
0.782679 -0.881923 0
0.329301 -0.201415 0
0.150969 0.509742 0
0.20947 -0.0395667 1
-0.326844 -0.631328 1
-0.238739 0.405694 1
0.0900538 -0.59386 0
-0.220958 -0.0521171 0
0.129872 0.348815 0
0.228438 -0.0862078 1
0.071847 0.298334 0
0.866564 1 1
-0.791148 0.6777 0
0.899456 -0.695301 1
-0.00967576 -0.709063 1
-0.497711 0.456022 1
0.711887 -0.130311 1
0.276616 0.0848284 0
-0.90941 -0.50022 0
0.2297 0.337165 1
-0.296584 0.404632 1
1 0.259409 1
0.438231 0.438676 0
-0.219146 -0.255033 0
0.908648 -0.499328 0
-0.298366 0.336478 0
0.697072 0.00384674 0
0.228825 0.949551 1
0.721594 0.953787 0
0.533074 -0.716271 1
0.203909 0.872565 0
-0.400664 0.471486 0
-0.305914 -0.165996 0
0.500332 0.664142 1
0.558595 -0.93027 1
0.364359 -0.826501 0
-0.677341 0.257012 1
-0.626992 -0.710141 1
0.668754 -0.71736 0
-0.0513295 0.776661 0
0.94787 0.299644 1
-0.0903156 0.936406 0
0.616643 0.122779 1
-0.410853 0.251177 1
-0.0991529 0.576132 0
0.922313 0.851614 1
0.229615 0.287994 0
0.422462 0.975468 1
0.942916 0.249106 1
-0.348788 -0.302852 0
0.161558 0.746919 0
-0.483631 -0.692313 0
-0.829708 0.702702 0
-0.421531 0.094086 1
0.751031 -0.593105 1
-0.448331 0.158616 0
0.287331 0.497097 0
0.799654 0.997098 0
-0.111957 0.0122645 0
0.638164 -0.0965992 1
-0.930931 -0.461453 1
0.657931 0.369895 1
0.951341 -0.908412 1
0.640957 0.31488 1
0.375403 0.903286 0
-0.215687 -0.0952488 0
0.840997 0.839801 0
0.103529 -0.124001 1
-0.485048 0.981169 0
-0.232129 0.350991 0
-0.769143 0.527788 1
-0.623672 -0.20435 0
-0.20397 -0.827837 0
0.0211273 -0.283731 1
-0.595044 -0.94338 0
0.643462 -0.178228 0
-0.264979 0.950936 0
-0.497251 0.400702 1
-0.680647 0.164098 0
-0.816635 0.645567 1
0.261934 -0.0316369 1
-0.567649 -0.053764 1
-0.97717 -0.646733 1
0.00279566 0.0184878 0
0.92218 -0.090218 0
0.772539 0.704817 0
-0.35413 0.308275 1
0.000252672 -0.355607 0
0.863112 -0.244866 1
-0.248289 0.102563 0
0.275729 0.977334 1
0.498197 0.682691 0
-0.531391 0.104377 1
-0.40003 0.423165 0
-0.0473677 -0.0219618 0
-0.71446 -0.828574 1
-0.273842 -0.129468 1
-0.0702392 -0.68134 0
0.622169 0.270204 0
-0.222105 -0.314769 1
-0.163313 -0.829407 1
0.475477 -0.73985 0
0.276671 0.788931 1
0.656336 0.830999 0
0.355089 -0.209131 0
0.0617805 -0.762276 0
0.435657 0.83838 0
0.96002 -0.947898 1
-0.584094 -0.768033 0
-0.185343 -0.131215 0
-0.901599 -0.379935 1
-0.822272 -0.652236 0
-0.434179 -0.0475817 0
0.424501 0.142539 1
0.434334 0.82515 0
0.0288797 0.427006 0
-0.00472951 -0.505663 1
-0.19054 -0.752416 0
-0.194428 -0.84756 1
-0.989558 -0.806331 1
-0.487996 0.644134 1
-0.41605 -0.414863 0
0.585706 -0.0367801 0
-0.436284 -0.387573 1
-0.0314667 0.282342 1
0.898368 0.629668 0
-0.927901 0.035648 0
0.450449 -0.570384 0
0.954832 -0.952886 1
0.782824 -0.0302989 0
-0.121058 -0.669951 1
0.0864382 0.253373 0
-0.930177 -0.676492 1
-0.992797 -0.549661 0
0.868257 0.962267 1
0.463159 0.846319 0
0.620015 -0.950551 0
-0.0187617 0.326348 0
0.850359 -0.197436 0
-0.226936 -0.962621 1
-0.821319 0.701395 0
0.326181 0.743397 0
0.513959 0.259631 1
-0.139927 -0.336912 0
0.859016 0.903962 1
-0.198832 0.716305 1
0.519276 -0.678787 0
0.27152 0.148996 1
-0.161003 0.151044 1
-0.0923703 -0.423437 0
0.70276 -0.0929802 0
0.74174 -0.114023 1
0.584667 -0.431393 0
-0.829992 0.746324 0
0.0331686 0.0417676 0
0.0856817 0.337884 1
0.271435 -0.443477 1
0.0522772 -0.666479 1
0.714503 0.497095 1
-0.754644 0.436345 0
0.215726 0.670234 0
0.638432 0.724017 1
-0.322482 -0.0216159 1
0.290929 -0.138694 0
-0.629472 0.0841306 1
-0.0290048 -0.187401 1
-0.744807 -0.838196 1
-0.660968 0.54573 0
0.857224 0.842639 0
0.755957 -0.838401 0
0.18286 0.425996 1
0.59424 -0.70261 1
0.119323 0.343123 0
0.559948 -0.638923 0
0.415379 0.790951 1
0.718865 -0.2665 0
-0.255859 -0.428761 0
-0.8294 -0.0312399 0
0.260052 0.400693 0
-0.399022 -0.968959 0
0.123589 0.75037 0
0.472561 -0.177482 0
0.801271 0.381944 1
0.556482 -0.232603 0
0.508586 0.746077 0
0.162382 -0.269952 0
0.141169 -0.079953 0
0.931804 0.786265 0
-0.468727 -0.314832 1
-0.596025 -0.581755 0
0.331279 0.62087 1
-0.93478 0.4523 0
0.422637 0.123591 1
-0.00283751 0.799076 0
0.525028 0.862719 1
-0.319003 -0.045077 1
-0.730863 -0.731881 0
0.627245 -0.701038 0
-0.708149 -0.511896 0
-0.421278 -0.718828 1
0.365709 -0.036217 0
-0.588539 0.00446628 0
-0.753474 0.0198341 0
0.384212 0.558279 0
-0.853568 -0.130683 1
0.162861 0.890485 1
-0.53615 -0.234425 1
0.280254 -0.561315 0
0.691751 -0.0368203 1
-0.684737 0.0746539 1
-0.2286 -0.147743 1
0.111829 0.542596 0
-0.785933 -0.347129 0
-0.630325 -0.504448 1
-0.671556 0.096302 1
-0.539536 -0.485417 1
-0.0204248 0.8637 1
0.77458 -0.193239 1
0.306855 -0.480087 0
0.319064 0.185452 0
0.143011 -0.776766 1
0.581303 0.84097 1
0.998257 -0.961602 1
-0.774273 0.251745 0
-0.70692 -0.46343 1
-0.872914 0.959018 0
-0.17962 -0.615217 1
0.890794 0.377469 1
-0.0763146 0.109355 0
-0.702902 -0.0618769 1
-0.0799169 -0.323894 1
0.0111327 -0.301219 0
0.6881 -0.64045 1
-0.105361 -0.0910965 1
-0.511207 -0.406537 1
0.67422 -0.358352 0
0.123997 0.350465 0
0.797351 -0.54232 1
-0.131771 -0.723336 0
0.0082692 -0.232685 1
0.584703 0.814783 1
0.185275 0.732672 0
-0.242124 -0.93105 1
0.861231 0.0692101 0
0.0531463 0.282598 0
0.490937 0.573166 1
-0.783144 -0.516123 0
0.82107 -0.618357 1
-0.314718 0.649912 0
0.983308 -0.946978 1
-0.377406 -0.660175 1
0.76398 -0.681805 0
-0.308549 -0.411562 1
-0.637359 0.747666 0
-0.735896 0.380457 1
-0.155046 0.624252 0
-0.758324 0.710564 1
0.0345663 -0.952539 0
-0.411829 0.780311 0
-0.106596 0.280442 0
0.958482 0.654609 1
0.202039 -0.723119 0
-0.676011 0.627191 1
0.434124 0.879115 0
-0.0409204 -0.990281 1
-0.246957 -0.0453339 0
-0.973001 0.320126 1
0.180044 -0.216017 0
0.805945 -0.408933 1
0.377075 -0.366192 1
0.771355 0.982198 0
-0.510916 0.789642 1
-0.865375 -0.090485 0
0.415249 0.888394 0
0.480888 0.580649 1
0.283679 0.260504 0
-0.747779 0.42472 0
0.0748476 -0.944956 0
-0.316733 -0.857485 1
-0.98259 0.247409 0
0.184078 -0.17688 1
0.574526 0.283048 1
0.975073 -0.0340977 0
0.771244 -0.949547 1
0.100533 -0.486506 0
-0.198484 -0.830957 1
0.348816 -0.818571 0
0.80005 -0.217076 0
0.740028 0.279433 1
-0.0917198 0.117587 0
-0.866516 -0.0249533 0
-0.560769 0.959645 1
-0.812841 0.878073 1
0.391508 0.769043 0
0.359923 0.542981 0
-0.192234 -0.923637 0
-0.987401 0.724575 1
-0.0625031 -0.368673 1
0.0677266 0.516729 1
-0.09784 -0.518312 1
-0.204507 -0.409193 0
-0.132974 0.0726138 0
0.362712 0.495231 1
0.968414 0.243437 1
0.791942 -0.283555 0
-0.148056 0.0881436 0
-0.882184 0.833779 1
-0.474884 0.242358 1
-0.848773 -0.437372 0
-0.689839 -0.370953 1
0.388695 -0.0785277 0
0.223248 -0.856165 1
-0.380862 -0.0104435 1
-0.209555 -0.0323595 0
-0.229272 -0.252943 0
0.00169612 0.0879977 0
0.320547 0.191298 0
0.968969 -0.818609 0
-0.0636952 0.410425 1
0.696463 -0.908623 0
-0.959473 0.343761 1
-0.334771 0.974614 1
-0.708439 0.155155 1
0.733846 -0.474188 0
0.633173 -0.246956 1
-0.0771239 0.429429 1
0.298332 0.520996 1
0.219304 0.00385469 0
-0.696873 0.0369449 1
0.255114 0.373465 1
-0.0429243 0.429574 1
0.0269055 -0.972695 0
0.421571 -0.258983 1
-0.456402 0.626003 1
0.390658 0.514213 0
0.30299 0.0494899 1
0.876933 -0.278752 1
0.0715342 -0.415769 1
-0.831449 0.459809 1
0.759994 0.238853 1
0.559156 0.1136 0
0.666002 -0.000438213 1
-0.502096 0.379808 0
0.835214 0.283704 0
0.225102 0.316117 1
0.776691 0.675099 1
0.191351 -0.696227 0
0.946022 -0.241651 0
0.330949 0.908727 0
-0.632883 -0.0258643 0
-0.0672982 0.0742547 1
0.715522 -0.804971 0
-0.444491 -0.728566 1
0.352663 -0.347846 1
0.165949 0.216661 1
-0.40198 -0.794569 1
-0.498264 -0.717212 1
-0.408607 -0.0654573 0
-0.727029 0.5953 1
0.715593 -0.857721 0
0.668569 -0.0898423 1
-0.72543 0.190011 1
0.524886 -0.230289 0
0.324413 -0.929121 1
-0.0461606 0.727157 0
0.386555 -0.571783 1
0.565893 0.906572 0
-0.844544 0.757668 0
-0.253939 -0.968551 1
0.268656 -0.321231 0
-0.215657 0.759024 0
-0.549126 0.179386 1
-0.41444 0.159771 0
0.64316 -0.315883 0
-0.737147 0.08334 0
-0.429165 -0.271088 0
0.094816 -0.107243 0
0.355113 0.815715 1
0.875371 0.363183 1
0.118158 0.905148 0
-0.225847 0.515009 0
-0.189029 -0.591759 0
0.317257 0.901301 0
0.106975 0.339294 0
0.876832 -0.339571 0
-0.946625 -0.968772 0
0.467866 -0.824634 1
0.151393 0.217548 1
0.884773 -0.752919 0
0.227462 -0.261377 1
-0.31957 -0.133866 0
-0.63001 0.737074 0
-0.123806 -0.218239 1
0.613652 -0.675504 1
0.269671 0.581419 1
-0.601243 -0.212469 1
0.105392 -0.161344 1
0.28777 -0.904769 0
0.879134 -0.021362 1
0.0745349 -0.0544436 1
0.229815 -0.524037 0
-0.36244 0.499545 0
0.577705 -0.230035 0
0.294111 -0.515823 0
-0.311504 -0.603553 1
0.879311 0.630462 0
0.198907 -0.337249 1
0.706465 0.0160163 1
0.781881 -0.797745 1
-0.201733 -0.162466 1
-0.103034 -0.114971 0
-0.859763 0.0477908 1
0.178714 -0.251311 0
0.0161099 -0.793313 0
0.528046 0.646112 1
-0.49651 0.906637 0
-0.370522 -0.691237 1
-0.300351 0.767227 0
0.64893 0.499024 0
0.282291 0.787951 1
-0.767281 -0.569179 0
0.977471 0.0415683 1
-0.362793 0.151599 1
-0.399447 -0.9231 0
0.630402 0.0807577 0
0.812079 0.0159939 0
-0.172638 -0.00235997 1
-0.159229 -0.388691 0
-0.862257 -0.222488 0
0.419697 0.0155253 0
0.0218916 0.5582 1
0.99642 0.671085 1
0.505209 0.899867 1
-0.356567 -0.873647 1
-0.434928 -0.173428 1
0.226124 -0.13496 0
0.441637 -0.247911 1
-0.485778 -0.806861 0
0.968441 0.469005 1
-0.481715 0.559093 0
0.0350271 0.137367 1
-0.628142 -0.549557 1
-0.804561 -0.910707 1
-0.181534 0.24071 0
-0.276317 -0.936681 1
0.115234 -0.510973 1
0.779784 0.347645 0
-0.00272608 0.82831 1
-0.29162 -0.831971 0
0.964019 -0.245753 0
0.571324 0.431607 1
-0.862766 -0.450006 0
0.673452 0.77054 1
-0.801979 -0.686538 1
0.315213 0.21526 1
0.883924 -0.474623 1
-0.380879 0.443908 0
0.534356 0.185934 0
0.883469 -0.998732 0
0.0347138 0.0523052 0
-0.32986 0.472961 0
0.0372036 0.840131 0
-0.616918 -0.424007 0
-0.240703 0.705987 0
-0.80241 0.354784 1
0.189257 0.559737 0
-0.909317 -0.964767 0
-0.21713 -0.265735 0
-0.419626 -0.739634 1
-0.263238 -0.117708 1
0.9492 -0.340928 1
0.310509 -0.460394 0
0.926797 0.634083 1
-0.181508 -0.717798 0
0.601301 0.0960046 0
0.652821 -0.505421 0
-0.918162 0.320618 1
-0.822261 0.204173 1
0.339555 -0.757398 1
-0.184828 0.55777 1
0.928223 -0.186449 1
0.190588 0.114371 0
0.134486 0.265037 1
0.677534 0.54628 1
-0.360499 -0.55298 0
0.130682 0.673224 1
-0.0109951 0.303262 0
-0.474031 -0.470177 0
0.601418 -0.624137 1
0.102007 -0.982015 1
-0.925654 0.825249 0
0.248556 -0.750317 0
-0.781874 0.211715 0
-0.801919 -1 0
0.542907 0.213235 1
-0.402441 0.697582 1
-0.587943 0.0442423 0
0.0383518 -0.517776 0
-0.731392 0.445086 0
0.949102 -0.844411 0
0.577934 -0.406718 0
0.741658 -0.801732 0
0.248585 -0.348387 0
-0.807548 0.801603 1
0.970767 0.672189 1
0.675479 0.116483 1
-0.679682 -0.402373 0
0.252582 0.89725 0
-0.419324 -0.383697 1
-0.241252 0.123274 0
-0.644487 -0.521915 1
0.131399 0.951105 0
-0.36255 0.239785 0
-0.993718 -0.0391149 1
-0.0204855 -0.799207 1
0.140163 0.902633 0
-0.230157 0.105813 0
-0.386655 -0.275514 1
0.34116 -0.247433 0
0.88561 -0.110697 0
-0.495744 0.873797 1
-0.645949 -0.017145 0
0.778259 0.0414252 1
-0.920488 0.320618 1
-0.627225 0.801796 1
0.539084 0.787296 0
0.439343 0.0792504 0
0.857806 0.493946 0
-0.469714 -0.108619 1
0.825364 0.311459 1
0.408158 -0.532947 0
0.0231132 -0.914576 0
-0.303296 0.728526 1
-0.610725 -0.631907 0
0.148357 0.218709 1
-0.552191 -0.158091 0
0.673369 -0.966734 0
0.78861 -0.217954 0
0.938297 0.176665 0
-0.131852 0.334713 1
0.430326 -0.481072 1
0.847008 -0.293723 1
0.856957 0.407726 0
-0.979875 -0.793743 0
-0.277109 -0.277678 0
0.959465 -0.479547 0
-0.117412 0.401048 0
-0.620007 -0.424237 0
0.0584549 -0.363938 0
0.676888 -0.38275 0
-0.806433 -0.59026 1
0.76051 -0.432827 0
0.595942 0.88916 1
0.529354 0.737047 0
-0.321377 -0.410367 1
0.171814 0.563563 0
-0.916285 -0.952197 0
0.389585 0.887607 1
0.174522 -0.940537 1
-0.821023 0.807818 1
-0.292204 -0.510477 1
0.0274662 0.694097 0
-0.754658 0.828514 0
-0.540098 -0.280971 1
0.0534495 -0.200191 1
0.682082 0.0111273 0
0.661553 -0.673372 1
-0.804454 -0.963691 1
-0.0129683 -0.569049 1
-0.195531 -0.990287 0
0.801247 -0.903122 0
-0.266436 0.679948 1
-0.632437 0.196911 0
0.585892 -0.867339 0
0.801148 -0.811183 1
0.0337527 -0.162398 0
-0.993905 0.0487187 0
-0.0905222 0.198266 0
0.978599 -0.864049 0
0.168878 -0.101908 1
0.494464 -0.677968 1
-0.456905 0.882922 1
0.0539646 -0.218572 1
-0.578545 -0.0376908 1
0.912456 -0.0380114 0
0.485842 -0.677994 1
-0.924446 0.562641 1
-0.96217 -0.132584 0
0.72806 -0.910767 1
0.659865 0.293434 0
-0.692198 -0.870248 0
0.295458 -0.132638 0
-0.519957 0.0423285 0
-0.731598 -0.395522 0
0.589194 -0.923352 1
0.503622 -0.468235 0
0.236078 -0.394789 0
0.935699 -0.733458 1
-0.0792202 0.545785 0
0.02228 0.927455 1
0.827304 0.770744 1
-0.337249 0.940499 1
-0.104224 0.762092 1
-0.358637 0.106573 1
0.0108927 -0.383847 0
-0.610814 -0.550866 1
0.751737 0.417783 1
-0.530134 -0.2482 1
-0.544734 0.166616 1
0.247718 0.688904 0
0.345581 0.0604959 1
-0.644212 0.908981 0
0.943257 -0.538338 1
0.438908 -0.598608 0
0.858882 -0.294688 1
0.764644 -0.390325 1
-0.701437 -0.235905 0
0.812462 -0.097591 1
0.00852608 -0.985289 0
-0.245127 -0.068295 0
0.331755 -0.729771 1
0.546393 0.0887437 1
0.514191 0.645289 1
0.231336 -0.598737 0
-0.922632 -0.562587 0
0.605785 0.358677 1
-0.951646 -0.575368 0
-0.57991 -0.34468 0
-0.596845 0.691892 0
0.835825 0.993325 1
-0.437048 -0.504619 1
0.765408 -0.531041 1
-0.500673 0.216434 1
0.159768 -0.0492876 0
0.739904 0.549281 0
0.6669 0.0376248 0
-0.635217 -0.0595487 0
0.0711666 0.615454 0
-0.512055 0.495505 0
-0.506251 -0.0729384 1
0.455397 0.0381663 0
0.263388 0.269355 0
0.803179 0.860281 0
-0.636305 0.225986 1
0.665982 -0.116603 0
-0.432173 -0.357425 1
0.350863 -0.131476 1
-0.374647 0.428731 0
0.221964 -0.828303 1
-0.582822 0.616978 0
0.115187 0.00511357 1
0.304909 -0.843028 0
0.954094 -0.268035 0
-0.151274 0.858892 0
-0.811542 0.383036 0
0.973865 -0.786449 1
-0.842737 -0.302922 1
0.24603 -0.549777 0
-0.56152 0.377366 1
0.12003 -0.292236 0
-0.434767 -0.735159 1
0.23723 0.0521763 0
0.378879 -0.174722 1
0.884345 0.796951 1
0.633349 -0.327422 0
0.981254 0.729906 0
-0.147722 0.921484 1
0.183886 -0.190554 1
-0.759427 -0.659248 1
0.641527 0.00874378 0
0.0178935 0.134862 1
0.257216 -0.134628 0
-0.597475 0.398849 1
0.151518 -0.958644 1
0.847024 0.406506 0
0.571811 -0.666296 0
0.0986094 -0.424501 1
0.765109 0.278007 1
-0.0310447 -0.636288 0
0.0998121 -0.7851 1
-0.529403 -0.464234 1
0.861398 -0.407864 1
0.294334 0.697853 0
0.769396 -0.236198 0
-0.336969 -0.298661 1
-0.366198 0.490744 0
-0.0855322 -0.176011 1
0.62805 0.018515 0
0.846151 -0.48975 1
-0.243347 -0.846338 0
-0.760088 0.110804 1
-0.734685 -0.595321 0
-0.635407 0.0860096 1
-0.709199 -0.268631 1
-0.854829 0.0654483 1
0.0182563 -0.47799 1
-0.743501 -0.663719 1
-0.543221 -0.388612 0
0.324012 -0.400029 0
-0.518946 -0.586509 0
0.0220705 -0.453479 1
-0.525593 0.124037 1
-0.862594 -0.485761 0
-0.46967 0.616648 1
0.952699 -0.775344 1
-0.974241 0.665606 0
0.86453 -0.428366 1
0.748131 0.895114 1
0.699658 0.65607 0
-0.994643 0.907836 1
-0.716625 0.970446 1
-0.13959 0.718715 1
0.804924 0.725253 1
0.928999 -0.278583 0
0.156923 -0.0772164 0
0.363788 0.971603 0
0.491523 -0.466109 1
0.3989 0.559427 0
-0.955776 0.397135 1
-0.149104 -0.221071 1
0.240283 -0.075861 1
0.113132 -0.0407542 0
0.0693687 0.311964 1
-0.0229611 -0.402679 0
-0.64579 0.547098 0
0.281429 0.0364088 0
-0.166727 -0.920512 0
0.801714 0.131404 1
-0.0351182 -0.64407 0
0.77143 0.831555 1
0.486264 -0.846871 1
-0.789768 0.586662 1
0.894504 -0.628502 1
0.661693 -0.950257 0
0.148185 -0.41181 0
0.639225 0.980169 1
0.717171 0.959976 0
-0.450077 0.376931 0
-0.823842 0.775068 0
0.133436 0.188933 0
-0.357861 0.715981 1
-0.893037 -0.189702 1
-0.27441 0.875807 1
-0.977411 -0.0754553 1
0.548834 -0.186619 1
0.3017 0.41869 1
0.300764 -0.32905 1
-0.503605 -0.569648 0
-0.755933 0.530644 1
-0.988469 -0.52457 0
-0.860309 -0.590471 1
-0.799751 0.484915 0
0.612944 0.0650762 0
0.407931 -0.12208 0
-0.723214 -0.154989 0
-0.00184785 -0.80736 0
-0.473488 -0.225803 0
-0.278109 0.299857 1
-0.675774 0.842954 1
0.35367 -0.992043 1
0.666649 -0.0321397 1
0.42197 0.494275 0
0.707606 0.259679 1
0.190409 -0.661066 0
-0.841265 -0.456415 0
0.0377279 -0.637355 1
0.124384 -0.639847 0
0.0902119 -0.906499 0
0.311493 -0.282537 0
-0.0047737 0.876357 1
-0.595805 0.0227718 0
0.131709 0.285692 1
-0.109779 -0.683766 1
0.901509 0.0052505 1
0.392627 0.0431954 1
-0.00579005 -0.190012 1
-0.449181 0.195839 0
-0.563 -0.10773 0
-0.199442 0.000560046 0
-0.24378 0.727631 0
-0.988659 -0.274393 1
-0.871828 0.0764493 1
-0.0499541 -0.159615 1
0.738661 0.908839 0
0.120938 -0.13946 1
-0.255165 0.514584 0
-0.232806 0.64442 1
-0.314369 -0.728711 0
-0.274312 0.0481134 1
0.221105 -0.229494 1
0.343006 0.84227 1
0.234916 0.716283 1
0.23244 -0.189229 0
-0.00727198 -0.695511 0
0.513171 0.260957 1
0.332908 0.44557 1
0.385898 -0.174329 1
-0.230291 -0.377166 1
0.386935 0.262774 1
0.0527688 0.759186 1
0.693207 0.398209 1
0.294521 0.435275 0
-0.675314 -0.0854965 0
-0.978993 -0.291321 1
0.713422 -0.697682 0
-0.471314 -0.716578 1
0.376002 -0.3832 1
0.654002 -0.735541 0
0.855009 -0.085055 1
-0.446393 -0.167495 1
-0.920817 -0.440329 1
0.247305 -0.630254 1
-0.868969 0.576909 0
-0.0319965 -0.486001 0
-0.345775 -0.411451 1
0.298415 0.144115 1
-0.531773 -0.01211 1
0.835282 -0.622883 1
-0.0553121 -0.0325492 0
0.148084 0.902514 0
-0.248923 0.617346 1
0.379937 0.00701716 1
-0.514478 -0.808174 1
0.705908 -0.496141 0
-0.787555 0.25176 0
-0.690835 0.965252 0
0.564161 0.349205 0
0.505458 0.846651 1
-0.149613 -0.679466 1
0.377796 0.0615548 1
-0.548719 -0.951034 0
-0.374312 0.521686 1
-0.882794 -0.699571 0
-0.42823 0.891227 1
-0.384799 0.46943 0
-0.0460647 0.742413 0
0.275888 0.26764 0
0.979839 0.782596 0
-0.00509623 -0.18887 1
-0.799397 0.131321 1
-0.678143 0.795876 0
0.555607 0.71051 0
-0.899766 0.0434149 1
-0.787975 -0.579642 0
-0.376177 -0.433777 1
-0.528845 -0.908488 0
0.906436 -0.713752 1
-0.656627 0.288902 1
-0.546527 -0.818264 1
-0.6339 -0.32735 1
0.225329 -0.40114 1
0.507748 -0.632379 0
-0.729077 -0.772841 0
0.64954 -0.145805 0
0.130503 -0.281184 0
0.521834 0.677909 1
0.957965 -0.0454066 0
-0.895441 -0.590803 1
-0.375119 -0.418172 1
-0.41599 0.527979 0
-0.220095 0.516525 0
0.343538 -0.335698 1
-0.638547 0.0212309 1
0.613364 0.0653916 0
-0.404674 -0.217289 0
-0.356285 -0.268216 1
0.0912714 -0.685257 1
-0.730983 0.150976 1
-0.304696 0.319296 1
-0.704186 -0.83591 1
-0.676273 -0.326852 1
-0.983973 0.201327 0
-0.0634367 -0.373886 1
0.529199 0.286449 1
-0.615626 -0.559709 1
0.736232 -0.391852 1
0.916859 0.721267 0
-0.689309 -0.638968 0
0.298487 -0.259462 1
-0.195665 -0.993021 0
-0.0058902 -0.28544 0
0.229204 0.84843 0
-0.29738 0.688683 1
0.671044 0.874887 0
-0.661213 0.162451 0
-0.4588 -0.639009 0
-0.98982 -0.275988 1
0.833966 0.168865 1
0.834336 -0.901223 0
-0.0656284 0.789075 0
-0.840256 0.913408 0
0.14855 -0.670069 0
0.569805 0.133333 0
-0.488842 -0.736517 1
0.632956 0.664869 0
0.591402 0.460614 1
-0.696132 0.959338 0
0.85454 0.542797 1
-0.632046 0.606239 1
-0.538943 -0.114558 0
0.754232 -0.992364 1
0.474576 -0.441563 1
-0.745487 -0.711099 0
-0.405108 0.113519 0
0.202301 -0.630519 1
0.598644 0.664611 1
0.828736 -0.822868 1
-0.799453 -0.294178 1
0.889182 0.248323 0
-0.802154 0.555788 1
-0.246687 -0.533801 1
0.990936 -0.480131 0
-0.610136 -0.227358 0
-0.327716 -0.497484 1
0.715533 0.527188 0
0.781219 0.757229 0
-0.323435 -0.833579 1
-0.906155 0.729373 1
-0.455425 -0.141572 1
0.546498 0.67475 1
0.294502 0.420728 0
-0.261574 -0.150773 1
0.21667 -0.983545 0
0.883362 0.786456 1
0.710578 0.162385 0
-0.706697 0.883381 0
0.936549 0.106876 0
0.925963 0.346746 0
-0.393616 0.449424 0
-0.466272 0.374895 0
0.816118 0.0745264 0
0.0936537 0.571205 1
-0.0934096 0.587392 0
0.688129 0.805476 0
-0.548606 0.0528205 0
-0.795384 0.545419 1
-0.946915 -0.351274 0
0.193567 -0.97646 1
0.892922 0.721188 1
-0.558786 0.135349 1
0.730653 -0.93455 1
-0.449446 0.93773 0
-0.459716 -0.510257 1
-0.522515 0.867302 0
-0.42312 0.324249 0
-0.488104 0.181621 0
0.374259 0.519482 0
0.783134 -0.950635 1
0.391512 -0.417223 0
-0.652102 0.369558 0
0.414403 -0.114963 0
-0.206749 -0.990993 1
0.435946 -0.277318 1
0.745176 0.0344953 1
-0.933568 0.000400851 0
-0.15556 -0.818947 1
0.912779 -0.397799 1
-0.535687 -0.66763 1
-0.23444 0.32936 0
-0.00460939 -0.173209 1
-0.347566 0.288955 0
-0.599812 0.869674 0
0.13452 0.557965 0
0.3625 0.610672 1
-0.28388 0.114892 0
-0.401245 0.184307 1
0.776053 -0.55023 1
-0.0327019 -0.488628 0
-0.686678 -0.0124209 0
-0.670035 0.514348 0
-0.0051454 -0.158179 1
-0.523464 0.276011 0
-0.621632 -0.645776 0
-0.159152 -0.830588 1
-0.446337 -0.0948664 0
0.492619 0.17848 1
-0.612465 -0.883385 0
0.453045 0.135083 1
-0.506544 0.65647 0
0.755493 -0.201278 0
0.472537 -0.789884 0
-0.893967 0.65285 1
0.636109 -0.476471 1
-0.733173 -0.143585 0
-0.94244 -0.978383 0
0.147667 0.696802 1
-0.26768 0.49831 1
-0.954063 -0.456383 1
-0.120201 0.868197 0
-0.406093 -0.522265 1
0.29983 -0.177594 1
-0.131354 0.224151 0
-0.123243 -0.415478 1
0.0932097 -0.51918 0
-0.125699 0.101912 1
-0.950016 -0.0287822 1
-0.173415 -0.808171 1
-0.0804248 -0.304169 1
0.28377 0.533183 1
-0.472235 -0.136676 1
-0.562219 -0.233044 1
0.440147 -0.143032 0
-0.527837 -0.846908 1
0.341593 0.618335 1
-0.845957 -0.547667 1
-0.846029 -0.199109 1
0.0883826 0.908206 1
0.914639 0.469587 1
0.230366 0.213076 0
0.546823 -0.0791091 0
-0.358527 0.877585 0
-0.869094 0.00685629 1
0.633593 0.0510807 0
0.498274 -0.984173 0
-0.223939 -0.483366 0
-0.326475 -0.137784 0
-0.364573 0.952592 1
0.142102 0.551215 0
-0.353359 0.474016 0
0.760186 0.657825 1
0.585768 -0.40714 0
0.915469 -0.759452 1
-0.248828 -0.59796 1
-0.471463 -0.766396 1
-0.591695 -0.879382 1
0.848957 0.996705 1
0.518554 0.000666063 1
-0.119212 0.558197 1
-0.965007 0.474063 0
-1 0.880993 0
0.398356 -0.381728 1
-0.14318 -0.768489 0
0.465216 -0.106271 0
0.939393 0.507604 0
0.896612 0.477126 0
0.886614 0.0181404 0
0.337753 -0.0809248 0
-0.878942 -0.955763 1
-0.948855 0.104744 1
-0.179744 -0.789643 0
0.490765 0.17544 1
0.385709 -0.712814 1
-0.931803 -0.265717 1
-0.18415 0.257938 0
-0.341834 -0.503795 0
0.707725 0.461424 1
0.732769 -0.307996 1
-0.833816 0.345297 0
-0.50551 -0.960394 0
-0.800857 0.905327 1
-0.460399 0.17567 0
0.441686 -0.513201 0
-0.0225101 0.655367 1
0.750864 -0.328531 1
0.791947 -0.200256 0
0.285428 -0.20958 1
-0.7856 -0.936852 0
-0.067479 -0.660846 0
0.607246 0.884613 0
0.822013 0.564478 1
-0.409206 -0.362477 1
-0.688689 -0.546641 1
0.144161 -0.595622 1
-0.743432 -0.470355 1
0.361166 0.932612 0
-0.0929181 0.390829 0
-0.314498 0.308205 1
0.305688 -0.503034 1
0.862064 0.747032 1
-0.921358 -0.11766 0
-0.392119 0.877658 0
-0.109465 -0.442035 1
-0.0685681 0.290793 1
0.0926147 0.194331 1
-0.312176 -0.814974 1
0.638507 -0.678053 1
0.205514 0.794499 1
-0.285017 -0.859492 0
-0.821416 -0.306771 1
-0.073972 -0.809332 0
-0.233994 0.482405 1
-0.79883 -0.16082 0
0.150465 0.450645 1
0.00822853 0.364679 1
0.123387 0.755455 0
0.837049 0.590136 1
0.924388 -0.337925 1
-0.397313 -0.760538 0
-0.454416 -0.355863 1
-0.632885 -0.669798 0
-0.517873 -0.951919 0
0.0336087 0.661918 0
0.0932693 0.343691 1
-0.471866 0.964332 0
-0.0520697 0.45521 1
0.582279 -0.414953 0
-0.984813 0.938921 1
0.964905 -0.685472 0
0.555516 0.181115 0
-0.23121 -0.356693 1
0.762163 -0.294618 0
-0.736776 -0.12291 0
-0.260186 -0.393071 1
0.069094 -0.528555 0
0.0536438 -0.273642 1
0.856337 0.0730108 0
-0.69313 -0.0667545 0
-0.890423 0.522363 0
0.941989 0.201141 1
0.69179 0.304861 1
0.0679761 0.698676 0
-0.182549 0.261144 0
-0.135116 0.587896 1
0.738986 0.169439 0
-0.430117 -0.95359 1
0.961368 -0.0842411 0
0.355934 0.758283 0
-0.849326 0.307074 0
0.906734 0.783607 0
0.756403 -0.512084 1
0.643278 -0.0216208 1
-0.514361 0.00552448 0
0.817937 0.31963 1
0.779577 -0.471024 0
0.624788 0.131246 1
0.493549 -0.766628 0
-0.307175 0.802062 0
0.476371 -0.480721 1
-0.933751 0.992178 1
-0.878337 0.411838 1
-0.977551 -0.918674 0
-0.228789 -0.469922 0
0.613515 0.5158 1
-0.691784 -0.709577 1
-0.768067 -0.0492398 1
0.11866 -0.822858 0
-0.0511121 -0.745258 1
0.38853 -0.610628 0
-0.865885 0.853105 1
-0.0596 0.846826 1
0.149333 0.98425 0
0.622038 0.0785227 0
-0.746803 0.694808 0
0.383663 0.535322 0
-0.723391 -0.530309 0
-0.0925348 -0.410142 0
-0.637774 -0.874972 0
0.79813 0.121251 0
0.0705455 0.59424 1
-0.928435 -0.737423 0
-0.81078 -0.727951 1
0.140059 -0.754159 1
-0.0606176 -0.526695 1
0.781867 -0.4078 0
-0.421728 0.314772 0
-0.230965 0.149583 0
-0.00247692 0.381349 0
0.810756 -0.360654 0
0.453808 -0.243257 1
-0.0346431 -0.41791 0
0.636047 -0.564667 0
0.520024 -0.342147 1
0.0164941 -0.653705 1
0.834745 -0.958478 0
0.644951 -0.191676 0
0.7193 -0.0396051 0
0.981773 0.0310956 1
-0.717503 0.933527 1
-0.793371 0.739308 1
-0.96634 -0.0658824 1
0.0589476 -0.136815 0
0.831366 -0.849343 1
-0.582552 0.2517 0
-0.256558 0.370132 0
-0.110777 -0.813973 1
0.527584 0.477456 1
0.0594065 -0.420671 1
0.30996 -0.517749 1
-0.362061 0.714731 1
0.0334641 0.528345 1
0.132337 0.983587 0
-0.919805 -0.0368425 1
-0.480099 -0.363401 1
-0.573143 -0.0860934 1
0.993228 0.827959 1
0.0546304 -0.140918 0
-0.394768 0.151807 1
0.926366 0.162754 0
-0.0184723 0.681073 1
-0.815484 -0.679245 0
0.0694497 -0.354373 0
-0.785771 0.0760125 0
-0.032908 -0.172138 1
0.437824 0.00301752 0
-0.0311667 0.893914 1
0.272178 0.665884 0
-0.549927 0.445457 0
-0.261516 0.728338 0
-0.510263 -0.0559233 1
-0.336204 0.52558 1
-0.226277 -0.176168 1
0.759717 0.000966799 1
0.0682295 0.226687 0
0.868166 0.538207 1
-0.155718 0.151385 1
0.262042 0.922595 1
0.361603 0.0827214 1
0.883322 -0.57124 0
-0.904117 -0.876833 1
-0.304591 -0.291007 1
-0.243489 0.576478 0
0.474616 -0.533844 0
-0.00771344 0.573311 0
-0.852249 0.745011 0
0.610538 -0.772981 0
-0.369714 0.161567 1
-0.193484 0.562648 1
-0.843363 -0.437631 0
-0.77251 -0.584137 0
0.280892 -0.46117 1
-0.678669 -0.703804 1
0.180389 -0.0578216 0
0.0397267 -0.129259 0
-0.370488 0.0352486 0
0.868576 -0.809716 1
0.647687 -0.862008 1
0.42534 0.263912 0
-0.517605 0.156188 1
-0.81166 -0.804786 0
-0.498839 0.153945 0
0.399116 -0.474026 0
-0.705324 0.646721 0
-0.522648 0.98005 1
0.114875 -0.161437 1
-0.0811687 0.367546 0
-0.771272 0.311115 1
0.150607 0.0296354 1
-0.249381 0.511612 0
-0.871498 0.759675 0
-0.440443 0.736985 0
-0.0392865 0.720567 0
0.0724376 -0.320625 0
-0.567732 0.862331 0
0.202989 -0.112367 0
-0.141188 -0.0985382 1
-0.504949 0.981526 1
0.900362 0.455324 0
-0.607889 -0.649974 0
0.586242 -0.685784 0
-0.0597564 0.316933 0
-0.480612 0.417544 1
0.636364 -0.10283 0
-0.76973 0.917878 1
0.130459 0.567958 0
-0.427514 -0.353203 1
-0.381468 0.971383 1
0.00350825 0.97852 1
-0.33657 0.361215 1
-0.224729 -0.0160459 0
-0.150565 0.47698 0
-0.193652 0.584079 1
0.92162 -0.828752 0
0.741208 -0.384578 1
-0.66172 0.205918 1
0.583527 -0.498204 0
0.538065 -0.659917 0
0.480074 -0.941562 0
-0.827548 0.695389 1
-0.218387 0.178444 0
-0.325811 -0.286611 1
0.279209 0.598925 1
-0.162703 0.208359 0
0.27851 0.138779 1
-0.250757 -0.0572548 0
-0.965335 -0.351877 0
-0.987731 0.488372 0
-0.936618 0.131352 1
0.636417 0.187634 1
-0.0381463 0.374966 0
0.401852 -0.456384 1
0.118974 -0.403575 0
-0.672857 -0.985876 1
0.358046 -0.928451 1
0.591896 0.671718 1
0.731374 0.0477335 1
-0.696425 0.684611 1
-0.201024 0.563127 1
-0.939699 0.264578 0
0.607681 0.807361 0
-0.817507 -0.131433 1
-0.714536 0.790447 1
-0.525081 -0.546025 0
0.237462 0.323021 1
0.789577 -0.237983 0
0.0308802 0.580739 1
-0.21323 0.0270903 1
-0.840953 0.472091 1
-0.755987 -0.655123 1
-0.486248 0.0229898 1
-0.0526422 -0.438655 0
0.0367411 -0.810717 1
-0.804752 0.894505 1
-0.829527 0.793601 0
-0.523464 -0.602396 1
0.20785 -0.240152 1
0.0220273 -0.389428 0
0.561642 -0.999222 1
0.200411 -0.595214 0
0.106845 0.369302 0
0.891919 -0.674079 1
0.879414 -0.86064 1
-0.30774 0.00362417 0
0.434816 -0.660817 1
0.217707 0.830587 0
0.256073 -0.00968351 1
-0.80854 0.199707 0
-0.761846 -0.152294 0
0.737993 0.578697 0
0.397153 -0.354258 1
-0.58844 -0.0709747 1
0.234525 0.492237 0
-0.926634 -0.107535 0
-0.0132249 0.410474 1
-0.597124 -0.265088 1
0.341636 -0.602001 0
0.207172 -0.585892 0
0.346883 0.398973 0
-0.201088 -0.681596 1
-0.668752 -0.148825 1
0.834716 0.356708 1
0.852127 -0.667633 1
0.471699 -0.156309 0
0.4531 -0.704229 0
0.633973 -0.165821 0
-0.769719 -0.136941 0
-0.964101 0.997431 1
0.0827914 0.397769 1
-0.281105 -0.127937 1
-0.807472 -0.155247 1
0.898221 0.630869 0
0.177578 0.0758007 1
0.15924 -0.0728757 0
-0.651341 -0.887075 0
-0.511946 0.843215 0
0.330454 -0.000201745 0
0.624463 0.121626 1
-0.00541138 -0.940542 1
0.420901 -0.743073 0
-0.571437 0.312226 1
0.104924 0.109213 0
0.0117048 -0.503247 0
0.969763 0.692296 1
0.915914 0.00262712 1
0.0565236 0.76809 1
-0.960786 -0.405746 1
-0.716049 -0.224779 1
-0.581672 0.105741 1
0.09946 0.610177 1
0.468997 -0.710575 0
-0.366988 -0.0759284 1
0.58812 0.807085 1
0.213233 0.222432 0
-0.914191 -0.933538 0
-0.0514432 -0.199484 1
-0.956921 0.225695 0
0.945984 0.000523519 1
0.946316 -0.0756955 0
0.129383 0.0848275 1
7.76267e-05 0.287956 0
-0.053981 -0.911677 1
-0.280449 0.556894 0
0.962421 -0.912983 1
0.170031 -0.323018 1
-0.59097 0.923481 1
-0.628237 0.690989 1
0.0319598 -0.883229 1
0.786894 0.727342 0
0.0656048 -0.69142 1
0.158519 0.360198 0
-0.108694 -0.232839 1
0.188611 -0.859405 0
0.267784 -0.231843 1
-0.674565 -0.20433 0
-0.498163 -0.189684 1
0.348984 -0.376334 1
0.335215 0.190121 0
-0.330568 -0.0583928 1
-0.669274 0.47631 1
0.304156 -0.0315429 0
-0.814502 0.496142 1
0.179632 0.153866 0
-0.578647 -0.0354366 1
-0.955287 0.830765 0
0.25029 0.463815 0
0.903184 0.432724 1
0.836979 0.657767 0
-0.0691311 0.283147 1
0.287046 -0.588244 0
0.278211 0.993758 1
-0.571638 -0.515535 0
-0.124454 0.0995166 0
-0.386015 -0.407795 1
-0.846088 -0.753807 1
-0.494388 0.881811 1
0.629477 -0.369236 0
-0.512827 -0.908828 0
-0.67745 -0.104697 1
-0.114702 0.160578 1
0.014514 0.038317 0
-0.29102 0.169974 0
0.823476 -0.344979 0
0.846478 0.599334 1
-0.539041 0.244115 0
0.753265 0.916445 0
0.0123999 0.345539 1
0.359097 0.99654 0
-0.477018 -0.158951 1
0.563259 -0.054643 0
-0.906097 0.815722 0
-0.494309 0.993002 0
-0.423583 0.246511 1
-0.128462 0.819212 0
0.497578 0.862495 0
0.707148 0.496741 1
-0.0559782 0.309676 0
-0.107579 -0.385506 0
-0.436314 0.0899623 1
-0.429583 0.434376 1
-0.397857 0.31067 1
0.684681 0.990179 1
0.148557 -0.992457 1
-0.954964 0.630216 0
-0.695502 -0.069568 0
-0.121595 0.0426188 0
0.0189269 -0.539041 0
0.200038 -0.727029 0
0.324939 -0.928964 1
0.971543 0.900755 0
-0.0401932 -0.718282 1
-0.82505 0.628563 1
-0.500343 0.390304 0
-0.68242 -0.0674507 0
-0.96292 0.744363 1
-0.363192 -0.28154 1
-0.860493 0.0917706 1
0.228767 -0.599059 0
-0.111811 0.135606 1
-0.849546 0.379094 0
-0.540223 0.691264 0
-0.834196 -0.126824 1
-0.833214 -0.0808444 0
0.86028 0.0336849 0
-0.759135 -0.49533 1
0.871505 -0.195476 0
0.101753 -0.288079 0
0.397428 -0.652407 0
-0.206783 0.752716 0
0.620196 -0.772291 0
-0.438368 -0.98035 1
0.694203 0.18123 1
-0.821602 -0.0326813 0
-0.43932 0.662855 1
-0.00885794 0.330342 0
0.623301 -0.48108 1
-0.315149 -0.559393 0
0.379291 -0.699394 0
-0.12224 0.810518 0
0.94358 -0.192242 1
0.310551 -0.627067 0
0.582725 0.0911176 1
-0.478137 0.296763 1
-0.283597 -0.972397 1
0.0124418 -0.0620943 1
-0.547767 0.664277 0
0.410006 -0.310442 0
-0.869129 0.27256 1
-0.0116903 0.152198 0
0.792619 0.946056 0
0.904798 0.476797 1
0.0109664 0.0940288 0
0.916321 -0.0471155 0
0.781953 0.567787 0
-0.348616 -0.68947 1
0.440046 0.773755 1
0.406043 -0.524882 0
0.560988 0.87693 1
0.388202 0.491032 1
-0.891003 -0.794276 1
-0.996311 0.687109 0
-0.180806 0.991357 1
-0.36397 0.713477 1
-0.470866 0.695191 1
-0.983322 -0.826012 1
0.766247 0.700786 0
0.284091 -0.44625 1
0.280302 -0.542019 0
0.419989 0.00743631 0
-0.763514 0.430266 0
0.985748 -0.863828 0
0.283894 0.0497895 0
-0.0394656 0.0356689 1
-0.228282 0.157752 0
0.907538 0.0387405 1
0.974355 -0.15884 1
0.569947 -0.585484 1
0.549557 0.121704 0
-0.731948 -0.602382 1
-0.985519 -0.347288 0
0.402468 -0.681041 1
-0.620001 -0.382832 1
-0.85263 -0.648912 0
0.157122 -0.348705 1
-0.196751 0.843876 0
0.00539442 -0.677493 1
-0.976602 0.883995 0
-0.155 -0.731113 0
-0.220014 0.0764572 1
-0.306306 0.588641 1
0.088329 -0.212208 1
0.967103 0.730785 0
-0.919046 -0.728245 0
0.375803 0.246818 1
0.312557 -0.571257 1
-0.868637 0.513815 0
0.987255 -0.88972 0
0.756679 -0.618762 0
-0.296499 0.892767 1
-0.798536 -0.0291145 1
-0.394146 -0.0651937 1
-0.189315 -0.51473 0
0.832196 -0.616507 1
0.550922 -0.044478 0
-0.769135 0.703425 1
0.218468 0.448545 0
-0.404581 -0.811519 0
-0.859264 -0.642964 0
0.900402 -0.134951 0
0.161448 0.573804 0
0.322518 -0.774697 1
0.177787 -0.773953 1
-0.0518025 0.798724 0
0.58326 0.241881 1
